2 1
2 1 0

8 12
1 2 2
2 3 0
3 4 2
4 5 2
5 6 2
8 7 0
1 7 3
2 8 2
3 7 3
4 8 2
5 7 3
6 8 2


4 5
1 4 4
1 3 7
1 2 2
2 4 1
2 3 1


7 11
1 2 1
2 3 1
3 4 1
4 5 1
5 6 1
1 7 2
2 7 2
3 7 2
4 7 2
5 7 2
6 7 2


2 2
1 2 2
1 2 3

1 2
1 1 3
1 1 2


8 12
1 2 2
2 3 2
3 4 2
4 5 2
5 6 2
7 1 3
8 2 2
7 3 3
8 4 2
7 5 3
8 6 2
7 8 1


8 12
1 2 1
2 3 1
3 4 1
4 5 1
5 6 1
7 1 2
8 2 2
7 3 2
8 4 2
7 5 2
8 6 2
7 8 1


7 11
1 2 1
2 3 1
3 4 1
4 5 1
5 6 1
7 1 2
7 2 2
7 3 2
7 4 2
7 5 2
7 6 2


3 3
1 2 1
2 3 1
1 3 1